01010100
01000000110111100000
01000000001100000000
01000000010010000000
01000000110111010000
01000000110111101000
01000000110111111000
01000000110111010000
01000001000101110000
01000001000000110000
01000000110111100000
01000000110111100000
01000001001011110000
01000000001100000000
01000000001100000000
01000000010110000000
01000000011010000000
01000000011110000000
01000000100001000000
01000000100011000000
10111111111000000000
11000000000100000000
11000000001100000000
11000000010010000000
11000000011110000000
01000000110100100000
11000000110111100000
01000000110111100000
01000010100010001010
11000010100001010011
