01000000110010000000000000000000
01000000110110000000000000000000
01000000110111000000000000000000
01000000110001000000000000000000
01000000110000100000000000000000
01000001101110100000000000000000
01000000001100000000000000000000
01000001000011100000000000000000
00111111100100000000000000000000
00111101100000000000000000000000
01000001001101000000000000000000
01000001000111000000000000000000
01000001000011100000000000000000
01000000111001000000000000000000
01000000110000100000000000000000
01000001000001000000000000000000
01000001101111100000000000000000
01000000001110000000000000000000
00111111100100000000000000000000
00111101100000000000000000000000
