0111111111111111
011
01111
01111
000000101010
011
0111111111111111
0111111111111111
0111111111111111
0111111111111111
0111111111111111
0111111111111111
0111111111111111
0111111111111111
0111111111111111
0111111111111111
0111111111111111
0111111111111111
0111111111111111
0111111111111111
0111111111111111
0111111111111111
0111111111111111
0111111111111111
0111111111111111
0111111111111111
0111111111111111
0111111111111111
0111111111111111
0111111111111111
0111111111111111
0111111111111111
0111111111111111
0111111111111111
0111111111111111
0111111111111111
0111111111111111
0111111111111111
0111111111111111
0111111111111111
0111111111111111
0111111111111111
0111111111111111
0111111111111111
0111111111111111
0111111111111111
0111111111111111
0111111111111111
0111111111111111
