0.0000000000000000000000000005690521614039
0.0000000000000000000000000005690521614039
0.0000000000000000000000000005879848231292
0.0000000000000000000000372934024497669540
0.0000000000000000000000000005690521614039
0.0000000000000000000000000005690521614039
0.0000000000000000000000000005700382375354
0.0000000000000000000000000005690521614039
0.0000000000000000000000372934024497669540
0.0000000000000000000000000005690521614039
0.0000000000000000000000000005879848231292
0.0000000000000000000000000005690521614039
0.0000000000000000000000000005690521614039
0.0000000000000000000000000010371301269395
0.0000000000000000000000000005690521614039
0.0000000000000000000000000005690521614039
0.0000000000000000000000000005690521614039
0.0000000000000000000000000005690521614039
0.0000000000000000000000000005690521614039
0.0000000000000000000000000005690521614039
0.0000000000000000000000000005690521614039
-0.0000000000000000024482955876841985980489
0.0000000000000000000000372934024497669540
