0.0000000000000000000000000005690456613904
0.0000000000000000000000000005690456613904
0.0000000000000000000000000005879783231157
0.0000000000000000000000372929764648781346
0.0000000000000000000000000005690456613904
0.0000000000000000000000000005690456613904
0.0000000000000000000000000005700317375219
0.0000000000000000000000000005690456613904
0.0000000000000000000000372929764648781346
0.0000000000000000000000000005690456613904
0.0000000000000000000000000005879783231157
0.0000000000000000000000000005690456613904
0.0000000000000000000000000005690456613904
0.0000000000000000000000000010371171269124
0.0000000000000000000000000005690456613904
0.0000000000000000000000000005690456613904
0.0000000000000000000000000005690456613904
0.0000000000000000000000000005690457576868
0.0000000000000000000000000005690456613904
0.0000000000000000000000000005690456613904
0.0000000000000000000000000005690479725063
-0.0000000000000000024482676703385249333648
0.0000000000000000000000372929764648781346
