-0.00000000000017053024
-0.00000000000068212097
-0.00000000000272848389
-0.00000000000000000065
-0.00000000000000000260
-0.00000000000000001041
-0.00000000000000004163
-0.00000000000000016653
-0.00000000000000066613
-0.00000000000000266454
-0.00000000000001065814
-0.00000000000004262215
-0.00000000000000000065
-0.00000000000000000119
-0.00000000000000000259
-0.00000000000000000260
-0.00000000000000000260
-0.00000000000000000260
-0.00000000000000000260
-0.00000000000000000259
-0.00000000000000000260
-0.00000000000000000260
-0.00000000000017053005
